0.000   180.00000  
  0.100   169.28618  
  0.200   164.93738  
  0.300   161.65839  
  0.400   158.94060  
  0.500   156.58542  
  0.600   154.49022  
  0.700   152.59355  
  0.800   150.85510  
  0.900   149.24664  
  1.000   147.74750  
  1.100   146.34195  
  1.200   145.01770  
  1.300   143.76492  
  1.400   142.57560  
  1.500   141.44308  
  1.600   140.36179  
  1.700   139.32699  
  1.800   138.33460  
  1.900   137.38110  
  2.000   136.46342  
  2.100   135.57883  
  2.200   134.72495  
  2.300   133.89964  
  2.400   133.10099  
  2.500   132.32729  
  2.600   131.57699  
  2.700   130.84869  
  2.800   130.14111  
  2.900   129.45308  
  3.000   128.78354  
  3.100   128.13150  
  3.200   127.49608  
  3.300   126.87643  
  3.400   126.27178  
  3.500   125.68143  
  3.600   125.10471  
  3.700   124.54100  
  3.800   123.98972  
  3.900   123.45034  
  4.000   122.92236  
  4.100   122.40530  
  4.200   121.89873  
  4.300   121.40221  
  4.400   120.91538  
  4.500   120.43784  
  4.600   119.96926  
  4.700   119.50931  
  4.800   119.05767  
  4.900   118.61405  
  5.000   118.17818  
  5.100   117.74977  
  5.200   117.32858  
  5.300   116.91440  
  5.400   116.50698  
  5.500   116.10611  
  5.600   115.71155  
  5.700   115.32314  
  5.800   114.94068  
  5.900   114.56399  
  6.000   114.19291  
  6.100   113.82726  
  6.200   113.46688  
  6.300   113.11164  
  6.400   112.76138  
  6.500   112.41598  
  6.600   112.07528  
  6.700   111.73917  
  6.800   111.40753  
  6.900   111.08024  
  7.000   110.75719  
  7.100   110.43825  
  7.200   110.12334  
  7.300   109.81236  
  7.400   109.50520  
  7.500   109.20177  
  7.600   108.90198  
  7.700   108.60574  
  7.800   108.31298  
  7.900   108.02361  
  8.000   107.73755  
  8.100   107.45473  
  8.200   107.17506  
  8.300   106.89849  
  8.400   106.62495  
  8.500   106.35437  
  8.600   106.08667  
  8.700   105.82181  
  8.800   105.55972  
  8.900   105.30035  
  9.000   105.04364  
  9.100   104.78953  
  9.200   104.53796  
  9.300   104.28890  
  9.400   104.04229  
  9.500   103.79808  
  9.600   103.55622  
  9.700   103.31667  
  9.800   103.07938  
  9.900   102.84431  
 10.000   102.61142  
 10.100   102.38066  
 10.200   102.15199  
 10.300   101.92539  
 10.400   101.70081  
 10.500   101.47823  
 10.600   101.25759  
 10.700   101.03888  
 10.800   100.82205  
 10.900   100.60707  
 11.000   100.39390  
 11.100   100.18251  
 11.200    99.97287  
 11.300    99.76496  
 11.400    99.55875  
 11.500    99.35420  
 11.600    99.15130  
 11.700    98.95002  
 11.800    98.75032  
 11.900    98.55219  
 12.000    98.35559  
 12.100    98.16050  
 12.200    97.96690  
 12.300    97.77477  
 12.400    97.58408  
 12.500    97.39481  
 12.600    97.20694  
 12.700    97.02045  
 12.800    96.83533  
 12.900    96.65153  
 13.000    96.46906  
 13.100    96.28788  
 13.200    96.10798  
 13.300    95.92933  
 13.400    95.75193  
 13.500    95.57576  
 13.600    95.40079  
 13.700    95.22702  
 13.800    95.05441  
 13.900    94.88297  
 14.000    94.71267  
 14.100    94.54348  
 14.200    94.37541  
 14.300    94.20843  
 14.400    94.04254  
 14.500    93.87771  
 14.600    93.71393  
 14.700    93.55119  
 14.800    93.38947  
 14.900    93.22877  
 15.000    93.06906  
 15.100    92.91033  
 15.200    92.75258  
 15.300    92.59578  
 15.400    92.43994  
 15.500    92.28503  
 15.600    92.13104  
 15.700    91.97797  
 15.800    91.82580  
 15.900    91.67452  
 16.000    91.52411  
 16.100    91.37458  
 16.200    91.22590  
 16.300    91.07807  
 16.400    90.93108  
 16.500    90.78492  
 16.600    90.63957  
 16.700    90.49504  
 16.800    90.35130  
 16.900    90.20835  
 17.000    90.06619  
 17.100    89.92479  
 17.200    89.78416  
 17.300    89.64428  
 17.400    89.50515  
 17.500    89.36676  
 17.600    89.22909  
 17.700    89.09215  
 17.800    88.95592  
 17.900    88.82040  
 18.000    88.68557  
 18.100    88.55144  
 18.200    88.41798  
 18.300    88.28520  
 18.400    88.15310  
 18.500    88.02165  
 18.600    87.89085  
 18.700    87.76071  
 18.800    87.63121  
 18.900    87.50233  
 19.000    87.37409  
 19.100    87.24647  
 19.200    87.11946  
 19.300    86.99306  
 19.400    86.86726  
 19.500    86.74206  
 19.600    86.61745  
 19.700    86.49343  
 19.800    86.36998  
 19.900    86.24711  
 20.000    86.12480  
 20.100    86.00305  
 20.200    85.88186  
 20.300    85.76123  
 20.400    85.64113  
 20.500    85.52158  
 20.600    85.40256  
 20.700    85.28407  
 20.800    85.16611  
 20.900    85.04867  
 21.000    84.93174  
 21.100    84.81533  
 21.200    84.69941  
 21.300    84.58400  
 21.400    84.46909  
 21.500    84.35467  
 21.600    84.24073  
 21.700    84.12728  
 21.800    84.01431  
 21.900    83.90181  
 22.000    83.78978  
 22.100    83.67822  
 22.200    83.56712  
 22.300    83.45647  
 22.400    83.34628  
 22.500    83.23654  
 22.600    83.12725  
 22.700    83.01840  
 22.800    82.90998  
 22.900    82.80200  
 23.000    82.69445  
 23.100    82.58733  
 23.200    82.48063  
 23.300    82.37435  
 23.400    82.26849  
 23.500    82.16304  
 23.600    82.05799  
 23.700    81.95336  
 23.800    81.84913  
 23.900    81.74529  
 24.000    81.64185  
 24.100    81.53881  
 24.200    81.43615  
 24.300    81.33388  
 24.400    81.23199  
 24.500    81.13049  
 24.600    81.02936  
 24.700    80.92860  
 24.800    80.82822  
 24.900    80.72820  
 25.000    80.62855  
 25.100    80.52926  
 25.200    80.43033  
 25.300    80.33176  
 25.400    80.23354  
 25.500    80.13568  
 25.600    80.03816  
 25.700    79.94098  
 25.800    79.84416  
 25.900    79.74767  
 26.000    79.65152  
 26.100    79.55570  
 26.200    79.46022  
 26.300    79.36507  
 26.400    79.27024  
 26.500    79.17574  
 26.600    79.08157  
 26.700    78.98771  
 26.800    78.89418  
 26.900    78.80096  
 27.000    78.70805  
 27.100    78.61546  
 27.200    78.52317  
 27.300    78.43119  
 27.400    78.33952  
 27.500    78.24815  
 27.600    78.15708  
 27.700    78.06630  
 27.800    77.97583  
 27.900    77.88565  
 28.000    77.79576  
 28.100    77.70616  
 28.200    77.61684  
 28.300    77.52782  
 28.400    77.43908  
 28.500    77.35062  
 28.600    77.26244  
 28.700    77.17453  
 28.800    77.08691  
 28.900    76.99956  
 29.000    76.91248  
 29.100    76.82567  
 29.200    76.73913  
 29.300    76.65286  
 29.400    76.56685  
 29.500    76.48111  
 29.600    76.39563  
 29.700    76.31041  
 29.800    76.22544  
 29.900    76.14074  
 30.000    76.05628  
 30.100    75.97209  
 30.200    75.88814  
 30.300    75.80444  
 30.400    75.72099  
 30.500    75.63779  
 30.600    75.55483  
 30.700    75.47212  
 30.800    75.38965  
 30.900    75.30742  
 31.000    75.22543  
 31.100    75.14367  
 31.200    75.06216  
 31.300    74.98087  
 31.400    74.89982  
 31.500    74.81900  
 31.600    74.73841  
 31.700    74.65805  
 31.800    74.57792  
 31.900    74.49801  
 32.000    74.41833  
 32.100    74.33887  
 32.200    74.25963  
 32.300    74.18061  
 32.400    74.10181  
 32.500    74.02323  
 32.600    73.94487  
 32.700    73.86672  
 32.800    73.78878  
 32.900    73.71106  
 33.000    73.63355  
 33.100    73.55625  
 33.200    73.47915  
 33.300    73.40227  
 33.400    73.32559  
 33.500    73.24912  
 33.600    73.17285  
 33.700    73.09678  
 33.800    73.02091  
 33.900    72.94525  
 34.000    72.86978  
 34.100    72.79451  
 34.200    72.71944  
 34.300    72.64457  
 34.400    72.56989  
 34.500    72.49540  
 34.600    72.42111  
 34.700    72.34700  
 34.800    72.27309  
 34.900    72.19937  
 35.000    72.12583  
 35.100    72.05249  
 35.200    71.97932  
 35.300    71.90635  
 35.400    71.83355  
 35.500    71.76094  
 35.600    71.68852  
 35.700    71.61627  
 35.800    71.54420  
 35.900    71.47232  
 36.000    71.40061  
 36.100    71.32907  
 36.200    71.25772  
 36.300    71.18654  
 36.400    71.11553  
 36.500    71.04470  
 36.600    70.97404  
 36.700    70.90355  
 36.800    70.83323  
 36.900    70.76308  
 37.000    70.69310  
 37.100    70.62329  
 37.200    70.55364  
 37.300    70.48416  
 37.400    70.41485  
 37.500    70.34570  
 37.600    70.27671  
 37.700    70.20789  
 37.800    70.13923  
 37.900    70.07073  
 38.000    70.00238  
 38.100    69.93420  
 38.200    69.86618  
 38.300    69.79832  
 38.400    69.73061  
 38.500    69.66306  
 38.600    69.59566  
 38.700    69.52842  
 38.800    69.46133  
 38.900    69.39439  
 39.000    69.32761  
 39.100    69.26098  
 39.200    69.19450  
 39.300    69.12816  
 39.400    69.06198  
 39.500    68.99595  
 39.600    68.93006  
 39.700    68.86432  
 39.800    68.79873  
 39.900    68.73329  
 40.000    68.66798  
 40.100    68.60283  
 40.200    68.53781  
 40.300    68.47294  
 40.400    68.40821  
 40.500    68.34362  
 40.600    68.27917  
 40.700    68.21487  
 40.800    68.15070  
 40.900    68.08667  
 41.000    68.02278  
 41.100    67.95902  
 41.200    67.89540  
 41.300    67.83192  
 41.400    67.76858  
 41.500    67.70537  
 41.600    67.64229  
 41.700    67.57935  
 41.800    67.51653  
 41.900    67.45386  
 42.000    67.39131  
 42.100    67.32889  
 42.200    67.26661  
 42.300    67.20445  
 42.400    67.14243  
 42.500    67.08053  
 42.600    67.01876  
 42.700    66.95712  
 42.800    66.89561  
 42.900    66.83422  
 43.000    66.77295  
 43.100    66.71182  
 43.200    66.65080  
 43.300    66.58991  
 43.400    66.52915  
 43.500    66.46851  
 43.600    66.40799  
 43.700    66.34759  
 43.800    66.28731  
 43.900    66.22715  
 44.000    66.16712  
 44.100    66.10720  
 44.200    66.04741  
 44.300    65.98773  
 44.400    65.92817  
 44.500    65.86872  
 44.600    65.80940  
 44.700    65.75019  
 44.800    65.69110  
 44.900    65.63212  
 45.000    65.57326  
 45.100    65.51451  
 45.200    65.45588  
 45.300    65.39736  
 45.400    65.33895  
 45.500    65.28066  
 45.600    65.22247  
 45.700    65.16440  
 45.800    65.10645  
 45.900    65.04860  
 46.000    64.99086  
 46.100    64.93323  
 46.200    64.87571  
 46.300    64.81830  
 46.400    64.76100  
 46.500    64.70381  
 46.600    64.64672  
 46.700    64.58974  
 46.800    64.53287  
 46.900    64.47610  
 47.000    64.41944  
 47.100    64.36289  
 47.200    64.30644  
 47.300    64.25009  
 47.400    64.19385  
 47.500    64.13771  
 47.600    64.08167  
 47.700    64.02574  
 47.800    63.96991  
 47.900    63.91418  
 48.000    63.85855  
 48.100    63.80303  
 48.200    63.74760  
 48.300    63.69228  
 48.400    63.63705  
 48.500    63.58193  
 48.600    63.52690  
 48.700    63.47197  
 48.800    63.41714  
 48.900    63.36241  
 49.000    63.30778  
 49.100    63.25324  
 49.200    63.19880  
 49.300    63.14446  
 49.400    63.09021  
 49.500    63.03606  
 49.600    62.98200  
 49.700    62.92804  
 49.800    62.87417  
 49.900    62.82040  
 50.000    62.76672  
 50.100    62.71313  
 50.200    62.65964  
 50.300    62.60624  
 50.400    62.55293  
 50.500    62.49971  
 50.600    62.44659  
 50.700    62.39355  
 50.800    62.34061  
 50.900    62.28776  
 51.000    62.23500  
 51.100    62.18232  
 51.200    62.12974  
 51.300    62.07725  
 51.400    62.02484  
 51.500    61.97253  
 51.600    61.92030  
 51.700    61.86816  
 51.800    61.81611  
 51.900    61.76414  
 52.000    61.71226  
 52.100    61.66047  
 52.200    61.60877  
 52.300    61.55715  
 52.400    61.50561  
 52.500    61.45416  
 52.600    61.40280  
 52.700    61.35152  
 52.800    61.30032  
 52.900    61.24921  
 53.000    61.19819  
 53.100    61.14724  
 53.200    61.09638  
 53.300    61.04561  
 53.400    60.99491  
 53.500    60.94430  
 53.600    60.89377  
 53.700    60.84332  
 53.800    60.79295  
 53.900    60.74266  
 54.000    60.69245  
 54.100    60.64233  
 54.200    60.59228  
 54.300    60.54232  
 54.400    60.49243  
 54.500    60.44262  
 54.600    60.39290  
 54.700    60.34325  
 54.800    60.29368  
 54.900    60.24418  
 55.000    60.19477  
 55.100    60.14543  
 55.200    60.09617  
 55.300    60.04699  
 55.400    59.99789  
 55.500    59.94886  
 55.600    59.89990  
 55.700    59.85103  
 55.800    59.80223  
 55.900    59.75350  
 56.000    59.70485  
 56.100    59.65628  
 56.200    59.60778  
 56.300    59.55935  
 56.400    59.51100  
 56.500    59.46272  
 56.600    59.41452  
 56.700    59.36639  
 56.800    59.31833  
 56.900    59.27035  
 57.000    59.22243  
 57.100    59.17460  
 57.200    59.12683  
 57.300    59.07913  
 57.400    59.03151  
 57.500    58.98396  
 57.600    58.93648  
 57.700    58.88907  
 57.800    58.84173  
 57.900    58.79446  
 58.000    58.74727  
 58.100    58.70014  
 58.200    58.65308  
 58.300    58.60609  
 58.400    58.55917  
 58.500    58.51233  
 58.600    58.46554  
 58.700    58.41883  
 58.800    58.37219  
 58.900    58.32561  
 59.000    58.27911  
 59.100    58.23267  
 59.200    58.18630  
 59.300    58.13999  
 59.400    58.09376  
 59.500    58.04759  
 59.600    58.00148  
 59.700    57.95545  
 59.800    57.90948  
 59.900    57.86357  
 60.000    57.81773  
 60.100    57.77196  
 60.200    57.72625  
 60.300    57.68061  
 60.400    57.63503  
 60.500    57.58952  
 60.600    57.54407  
 60.700    57.49869  
 60.800    57.45337  
 60.900    57.40811  
 61.000    57.36292  
 61.100    57.31780  
 61.200    57.27273  
 61.300    57.22773  
 61.400    57.18279  
 61.500    57.13792  
 61.600    57.09310  
 61.700    57.04835  
 61.800    57.00366  
 61.900    56.95904  
 62.000    56.91447  
 62.100    56.86997  
 62.200    56.82553  
 62.300    56.78115  
 62.400    56.73683  
 62.500    56.69257  
 62.600    56.64838  
 62.700    56.60424  
 62.800    56.56016  
 62.900    56.51615  
 63.000    56.47219  
 63.100    56.42829  
 63.200    56.38446  
 63.300    56.34068  
 63.400    56.29696  
 63.500    56.25330  
 63.600    56.20970  
 63.700    56.16616  
 63.800    56.12267  
 63.900    56.07925  
 64.000    56.03588  
 64.100    55.99257  
 64.200    55.94932  
 64.300    55.90613  
 64.400    55.86299  
 64.500    55.81991  
 64.600    55.77689  
 64.700    55.73393  
 64.800    55.69102  
 64.900    55.64817  
 65.000    55.60537  
 65.100    55.56264  
 65.200    55.51995  
 65.300    55.47733  
 65.400    55.43476  
 65.500    55.39224  
 65.600    55.34978  
 65.700    55.30738  
 65.800    55.26503  
 65.900    55.22274  
 66.000    55.18050  
 66.100    55.13831  
 66.200    55.09618  
 66.300    55.05411  
 66.400    55.01208  
 66.500    54.97012  
 66.600    54.92820  
 66.700    54.88634  
 66.800    54.84454  
 66.900    54.80278  
 67.000    54.76108  
 67.100    54.71944  
 67.200    54.67784  
 67.300    54.63630  
 67.400    54.59481  
 67.500    54.55338  
 67.600    54.51199  
 67.700    54.47066  
 67.800    54.42938  
 67.900    54.38816  
 68.000    54.34698  
 68.100    54.30586  
 68.200    54.26478  
 68.300    54.22376  
 68.400    54.18279  
 68.500    54.14187  
 68.600    54.10101  
 68.700    54.06019  
 68.800    54.01942  
 68.900    53.97871  
 69.000    53.93804  
 69.100    53.89743  
 69.200    53.85686  
 69.300    53.81634  
 69.400    53.77588  
 69.500    53.73546  
 69.600    53.69509  
 69.700    53.65478  
 69.800    53.61451  
 69.900    53.57429  
 70.000    53.53412  
 70.100    53.49400  
 70.200    53.45392  
 70.300    53.41390  
 70.400    53.37392  
 70.500    53.33400  
 70.600    53.29412  
 70.700    53.25429  
 70.800    53.21450  
 70.900    53.17477  
 71.000    53.13508  
 71.100    53.09544  
 71.200    53.05585  
 71.300    53.01630  
 71.400    52.97680  
 71.500    52.93735  
 71.600    52.89795  
 71.700    52.85859  
 71.800    52.81928  
 71.900    52.78001  
 72.000    52.74079  
 72.100    52.70162  
 72.200    52.66249  
 72.300    52.62341  
 72.400    52.58438  
 72.500    52.54539  
 72.600    52.50645  
 72.700    52.46755  
 72.800    52.42870  
 72.900    52.38989  
 73.000    52.35113  
 73.100    52.31241  
 73.200    52.27374  
 73.300    52.23512  
 73.400    52.19653  
 73.500    52.15800  
 73.600    52.11950  
 73.700    52.08105  
 73.800    52.04265  
 73.900    52.00429  
 74.000    51.96597  
 74.100    51.92770  
 74.200    51.88947  
 74.300    51.85129  
 74.400    51.81315  
 74.500    51.77505  
 74.600    51.73699  
 74.700    51.69898  
 74.800    51.66101  
 74.900    51.62309  
 75.000    51.58520  
 75.100    51.54737  
 75.200    51.50957  
 75.300    51.47181  
 75.400    51.43410  
 75.500    51.39643  
 75.600    51.35880  
 75.700    51.32122  
 75.800    51.28368  
 75.900    51.24617  
 76.000    51.20871  
 76.100    51.17130  
 76.200    51.13392  
 76.300    51.09659  
 76.400    51.05929  
 76.500    51.02204  
 76.600    50.98483  
 76.700    50.94766  
 76.800    50.91053  
 76.900    50.87344  
 77.000    50.83640  
 77.100    50.79939  
 77.200    50.76242  
 77.300    50.72550  
 77.400    50.68861  
 77.500    50.65177  
 77.600    50.61496  
 77.700    50.57820  
 77.800    50.54147  
 77.900    50.50479  
 78.000    50.46814  
 78.100    50.43154  
 78.200    50.39497  
 78.300    50.35844  
 78.400    50.32196  
 78.500    50.28551  
 78.600    50.24910  
 78.700    50.21273  
 78.800    50.17640  
 78.900    50.14011  
 79.000    50.10386  
 79.100    50.06765  
 79.200    50.03147  
 79.300    49.99533  
 79.400    49.95924  
 79.500    49.92318  
 79.600    49.88715  
 79.700    49.85117  
 79.800    49.81522  
 79.900    49.77932  
 80.000    49.74345  
 80.100    49.70762  
 80.200    49.67182  
 80.300    49.63607  
 80.400    49.60035  
 80.500    49.56467  
 80.600    49.52902  
 80.700    49.49342  
 80.800    49.45785  
 80.900    49.42231  
 81.000    49.38682  
 81.100    49.35136  
 81.200    49.31594  
 81.300    49.28055  
 81.400    49.24520  
 81.500    49.20989  
 81.600    49.17462  
 81.700    49.13938  
 81.800    49.10418  
 81.900    49.06901  
 82.000    49.03388  
 82.100    48.99879  
 82.200    48.96373  
 82.300    48.92871  
 82.400    48.89372  
 82.500    48.85877  
 82.600    48.82385  
 82.700    48.78898  
 82.800    48.75413  
 82.900    48.71932  
 83.000    48.68455  
 83.100    48.64981  
 83.200    48.61511  
 83.300    48.58044  
 83.400    48.54581  
 83.500    48.51121  
 83.600    48.47665  
 83.700    48.44212  
 83.800    48.40763  
 83.900    48.37317  
 84.000    48.33874  
 84.100    48.30435  
 84.200    48.27000  
 84.300    48.23568  
 84.400    48.20139  
 84.500    48.16714  
 84.600    48.13292  
 84.700    48.09873  
 84.800    48.06458  
 84.900    48.03046  
 85.000    47.99638  
 85.100    47.96233  
 85.200    47.92831  
 85.300    47.89433  
 85.400    47.86038  
 85.500    47.82647  
 85.600    47.79258  
 85.700    47.75873  
 85.800    47.72492  
 85.900    47.69114  
 86.000    47.65739  
 86.100    47.62367  
 86.200    47.58998  
 86.300    47.55633  
 86.400    47.52271  
 86.500    47.48913  
 86.600    47.45557  
 86.700    47.42205  
 86.800    47.38856  
 86.900    47.35511  
 87.000    47.32168  
 87.100    47.28829  
 87.200    47.25493  
 87.300    47.22160  
 87.400    47.18831  
 87.500    47.15504  
 87.600    47.12181  
 87.700    47.08861  
 87.800    47.05544  
 87.900    47.02231  
 88.000    46.98920  
 88.100    46.95613  
 88.200    46.92309  
 88.300    46.89008  
 88.400    46.85710  
 88.500    46.82415  
 88.600    46.79123  
 88.700    46.75834  
 88.800    46.72549  
 88.900    46.69267  
 89.000    46.65987  
 89.100    46.62711  
 89.200    46.59438  
 89.300    46.56168  
 89.400    46.52901  
 89.500    46.49637  
 89.600    46.46376  
 89.700    46.43118  
 89.800    46.39863  
 89.900    46.36612  
 90.000    46.33363  
 90.100    46.30117  
 90.200    46.26874  
 90.300    46.23635  
 90.400    46.20398  
 90.500    46.17164  
 90.600    46.13933  
 90.700    46.10706  
 90.800    46.07481  
 90.900    46.04259  
 91.000    46.01040  
 91.100    45.97824  
 91.200    45.94611  
 91.300    45.91401  
 91.400    45.88194  
 91.500    45.84990  
 91.600    45.81789  
 91.700    45.78591  
 91.800    45.75395  
 91.900    45.72203  
 92.000    45.69013  
 92.100    45.65827  
 92.200    45.62643  
 92.300    45.59462  
 92.400    45.56284  
 92.500    45.53109  
 92.600    45.49937  
 92.700    45.46767  
 92.800    45.43601  
 92.900    45.40437  
 93.000    45.37276  
 93.100    45.34118  
 93.200    45.30963  
 93.300    45.27810  
 93.400    45.24661  
 93.500    45.21514  
 93.600    45.18370  
 93.700    45.15229  
 93.800    45.12091  
 93.900    45.08955  
 94.000    45.05822  
 94.100    45.02692  
 94.200    44.99565  
 94.300    44.96441  
 94.400    44.93319  
 94.500    44.90200  
 94.600    44.87084  
 94.700    44.83970  
 94.800    44.80860  
 94.900    44.77752  
 95.000    44.74646  
 95.100    44.71544  
 95.200    44.68444  
 95.300    44.65347  
 95.400    44.62253  
 95.500    44.59161  
 95.600    44.56072  
 95.700    44.52986  
 95.800    44.49902  
 95.900    44.46821  
 96.000    44.43743  
 96.100    44.40667  
 96.200    44.37595  
 96.300    44.34524  
 96.400    44.31457  
 96.500    44.28392  
 96.600    44.25329  
 96.700    44.22270  
 96.800    44.19213  
 96.900    44.16158  
 97.000    44.13107  
 97.100    44.10057  
 97.200    44.07011  
 97.300    44.03967  
 97.400    44.00925  
 97.500    43.97887  
 97.600    43.94851  
 97.700    43.91817  
 97.800    43.88786  
 97.900    43.85758  
 98.000    43.82732  
 98.100    43.79709  
 98.200    43.76688  
 98.300    43.73670  
 98.400    43.70654  
 98.500    43.67641  
 98.600    43.64630  
 98.700    43.61622  
 98.800    43.58617  
 98.900    43.55614  
 99.000    43.52614  
 99.100    43.49616  
 99.200    43.46620  
 99.300    43.43628  
 99.400    43.40637  
 99.500    43.37649  
 99.600    43.34664  
 99.700    43.31681  
 99.800    43.28701  
 99.900    43.25723  
100.000    43.22747  
100.000    43.22747  
