0.000     0.00000  
  0.100     2.39325  
  0.200     6.79975  
  0.300    11.20178  
  0.400    15.29555  
  0.500    19.02050  
  0.600    22.37839  
  0.700    25.39245  
  0.800    28.09342  
  0.900    30.51365  
  1.000    32.68429  
  1.100    34.63408  
  1.200    36.38888  
  1.300    37.97159  
  1.400    39.40234  
  1.500    40.69871  
  1.600    41.87602  
  1.700    42.94762  
  1.800    43.92511  
  1.900    44.81860  
  2.000    45.63694  
  2.100    46.38785  
  2.200    47.07810  
  2.300    47.71364  
  2.400    48.29972  
  2.500    48.84096  
  2.600    49.34147  
  2.700    49.80488  
  2.800    50.23444  
  2.900    50.63304  
  3.000    51.00326  
  3.100    51.34743  
  3.200    51.66762  
  3.300    51.96572  
  3.400    52.24343  
  3.500    52.50227  
  3.600    52.74364  
  3.700    52.96881  
  3.800    53.17891  
  3.900    53.37501  
  4.000    53.55805  
  4.100    53.72892  
  4.200    53.88843  
  4.300    54.03729  
  4.400    54.17621  
  4.500    54.30579  
  4.600    54.42662  
  4.700    54.53923  
  4.800    54.64411  
  4.900    54.74171  
  5.000    54.83247  
  5.100    54.91679  
  5.200    54.99502  
  5.300    55.06746  
  5.400    55.13445  
  5.500    55.19629  
  5.600    55.25330  
  5.700    55.30570  
  5.800    55.35371  
  5.900    55.39758  
  6.000    55.43750  
  6.100    55.47371  
  6.200    55.50637  
  6.300    55.53564  
  6.400    55.56170  
  6.500    55.58470  
  6.600    55.60480  
  6.700    55.62213  
  6.800    55.63681  
  6.900    55.64896  
  7.000    55.65870  
  7.100    55.66616  
  7.200    55.67142  
  7.300    55.67459  
  7.400    55.67575  
  7.500    55.67499  
  7.600    55.67240  
  7.700    55.66807  
  7.800    55.66205  
  7.900    55.65442  
  8.000    55.64525  
  8.100    55.63462  
  8.200    55.62257  
  8.300    55.60916  
  8.400    55.59445  
  8.500    55.57849  
  8.600    55.56134  
  8.700    55.54305  
  8.800    55.52364  
  8.900    55.50318  
  9.000    55.48171  
  9.100    55.45925  
  9.200    55.43586  
  9.300    55.41157  
  9.400    55.38641  
  9.500    55.36041  
  9.600    55.33362  
  9.700    55.30605  
  9.800    55.27774  
  9.900    55.24872  
 10.000    55.21901  
 10.100    55.18865  
 10.200    55.15766  
 10.300    55.12605  
 10.400    55.09385  
 10.500    55.06108  
 10.600    55.02776  
 10.700    54.99391  
 10.800    54.95955  
 10.900    54.92470  
 11.000    54.88939  
 11.100    54.85362  
 11.200    54.81743  
 11.300    54.78082  
 11.400    54.74380  
 11.500    54.70639  
 11.600    54.66861  
 11.700    54.63046  
 11.800    54.59196  
 11.900    54.55313  
 12.000    54.51397  
 12.100    54.47451  
 12.200    54.43475  
 12.300    54.39470  
 12.400    54.35437  
 12.500    54.31377  
 12.600    54.27292  
 12.700    54.23181  
 12.800    54.19046  
 12.900    54.14889  
 13.000    54.10709  
 13.100    54.06508  
 13.200    54.02287  
 13.300    53.98046  
 13.400    53.93786  
 13.500    53.89508  
 13.600    53.85213  
 13.700    53.80900  
 13.800    53.76571  
 13.900    53.72226  
 14.000    53.67867  
 14.100    53.63493  
 14.200    53.59106  
 14.300    53.54706  
 14.400    53.50292  
 14.500    53.45867  
 14.600    53.41430  
 14.700    53.36982  
 14.800    53.32523  
 14.900    53.28054  
 15.000    53.23575  
 15.100    53.19087  
 15.200    53.14590  
 15.300    53.10084  
 15.400    53.05571  
 15.500    53.01049  
 15.600    52.96521  
 15.700    52.91985  
 15.800    52.87442  
 15.900    52.82894  
 16.000    52.78339  
 16.100    52.73778  
 16.200    52.69213  
 16.300    52.64642  
 16.400    52.60067  
 16.500    52.55487  
 16.600    52.50903  
 16.700    52.46314  
 16.800    52.41723  
 16.900    52.37127  
 17.000    52.32529  
 17.100    52.27927  
 17.200    52.23323  
 17.300    52.18717  
 17.400    52.14108  
 17.500    52.09497  
 17.600    52.04884  
 17.700    52.00269  
 17.800    51.95653  
 17.900    51.91036  
 18.000    51.86417  
 18.100    51.81798  
 18.200    51.77178  
 18.300    51.72557  
 18.400    51.67936  
 18.500    51.63314  
 18.600    51.58692  
 18.700    51.54071  
 18.800    51.49449  
 18.900    51.44828  
 19.000    51.40207  
 19.100    51.35587  
 19.200    51.30967  
 19.300    51.26348  
 19.400    51.21731  
 19.500    51.17114  
 19.600    51.12498  
 19.700    51.07884  
 19.800    51.03271  
 19.900    50.98659  
 20.000    50.94050  
 20.100    50.89441  
 20.200    50.84835  
 20.300    50.80231  
 20.400    50.75628  
 20.500    50.71027  
 20.600    50.66429  
 20.700    50.61833  
 20.800    50.57239  
 20.900    50.52648  
 21.000    50.48059  
 21.100    50.43472  
 21.200    50.38888  
 21.300    50.34307  
 21.400    50.29729  
 21.500    50.25153  
 21.600    50.20581  
 21.700    50.16011  
 21.800    50.11444  
 21.900    50.06880  
 22.000    50.02320  
 22.100    49.97762  
 22.200    49.93208  
 22.300    49.88657  
 22.400    49.84110  
 22.500    49.79566  
 22.600    49.75025  
 22.700    49.70488  
 22.800    49.65954  
 22.900    49.61424  
 23.000    49.56897  
 23.100    49.52374  
 23.200    49.47855  
 23.300    49.43339  
 23.400    49.38827  
 23.500    49.34319  
 23.600    49.29815  
 23.700    49.25315  
 23.800    49.20819  
 23.900    49.16326  
 24.000    49.11838  
 24.100    49.07353  
 24.200    49.02873  
 24.300    48.98396  
 24.400    48.93924  
 24.500    48.89456  
 24.600    48.84992  
 24.700    48.80532  
 24.800    48.76076  
 24.900    48.71624  
 25.000    48.67177  
 25.100    48.62734  
 25.200    48.58295  
 25.300    48.53861  
 25.400    48.49430  
 25.500    48.45004  
 25.600    48.40583  
 25.700    48.36166  
 25.800    48.31753  
 25.900    48.27344  
 26.000    48.22940  
 26.100    48.18541  
 26.200    48.14146  
 26.300    48.09755  
 26.400    48.05369  
 26.500    48.00987  
 26.600    47.96610  
 26.700    47.92237  
 26.800    47.87868  
 26.900    47.83505  
 27.000    47.79145  
 27.100    47.74791  
 27.200    47.70441  
 27.300    47.66095  
 27.400    47.61754  
 27.500    47.57418  
 27.600    47.53086  
 27.700    47.48759  
 27.800    47.44436  
 27.900    47.40118  
 28.000    47.35804  
 28.100    47.31496  
 28.200    47.27191  
 28.300    47.22892  
 28.400    47.18597  
 28.500    47.14306  
 28.600    47.10021  
 28.700    47.05740  
 28.800    47.01463  
 28.900    46.97192  
 29.000    46.92924  
 29.100    46.88662  
 29.200    46.84404  
 29.300    46.80151  
 29.400    46.75902  
 29.500    46.71659  
 29.600    46.67419  
 29.700    46.63185  
 29.800    46.58955  
 29.900    46.54730  
 30.000    46.50509  
 30.100    46.46293  
 30.200    46.42082  
 30.300    46.37876  
 30.400    46.33674  
 30.500    46.29476  
 30.600    46.25284  
 30.700    46.21096  
 30.800    46.16912  
 30.900    46.12734  
 31.000    46.08560  
 31.100    46.04390  
 31.200    46.00226  
 31.300    45.96066  
 31.400    45.91910  
 31.500    45.87759  
 31.600    45.83613  
 31.700    45.79472  
 31.800    45.75335  
 31.900    45.71202  
 32.000    45.67075  
 32.100    45.62952  
 32.200    45.58833  
 32.300    45.54719  
 32.400    45.50610  
 32.500    45.46506  
 32.600    45.42406  
 32.700    45.38310  
 32.800    45.34219  
 32.900    45.30133  
 33.000    45.26051  
 33.100    45.21974  
 33.200    45.17902  
 33.300    45.13834  
 33.400    45.09770  
 33.500    45.05711  
 33.600    45.01657  
 33.700    44.97607  
 33.800    44.93562  
 33.900    44.89521  
 34.000    44.85485  
 34.100    44.81453  
 34.200    44.77426  
 34.300    44.73404  
 34.400    44.69385  
 34.500    44.65372  
 34.600    44.61363  
 34.700    44.57358  
 34.800    44.53358  
 34.900    44.49362  
 35.000    44.45371  
 35.100    44.41384  
 35.200    44.37401  
 35.300    44.33423  
 35.400    44.29450  
 35.500    44.25481  
 35.600    44.21516  
 35.700    44.17556  
 35.800    44.13600  
 35.900    44.09649  
 36.000    44.05702  
 36.100    44.01759  
 36.200    43.97821  
 36.300    43.93887  
 36.400    43.89958  
 36.500    43.86032  
 36.600    43.82112  
 36.700    43.78195  
 36.800    43.74283  
 36.900    43.70375  
 37.000    43.66472  
 37.100    43.62573  
 37.200    43.58678  
 37.300    43.54788  
 37.400    43.50901  
 37.500    43.47019  
 37.600    43.43142  
 37.700    43.39268  
 37.800    43.35399  
 37.900    43.31534  
 38.000    43.27674  
 38.100    43.23818  
 38.200    43.19965  
 38.300    43.16118  
 38.400    43.12274  
 38.500    43.08434  
 38.600    43.04599  
 38.700    43.00768  
 38.800    42.96941  
 38.900    42.93119  
 39.000    42.89300  
 39.100    42.85486  
 39.200    42.81676  
 39.300    42.77870  
 39.400    42.74068  
 39.500    42.70270  
 39.600    42.66476  
 39.700    42.62687  
 39.800    42.58902  
 39.900    42.55120  
 40.000    42.51343  
 40.100    42.47570  
 40.200    42.43801  
 40.300    42.40036  
 40.400    42.36275  
 40.500    42.32518  
 40.600    42.28766  
 40.700    42.25017  
 40.800    42.21272  
 40.900    42.17531  
 41.000    42.13795  
 41.100    42.10062  
 41.200    42.06333  
 41.300    42.02609  
 41.400    41.98888  
 41.500    41.95171  
 41.600    41.91459  
 41.700    41.87750  
 41.800    41.84045  
 41.900    41.80344  
 42.000    41.76647  
 42.100    41.72954  
 42.200    41.69265  
 42.300    41.65580  
 42.400    41.61899  
 42.500    41.58222  
 42.600    41.54548  
 42.700    41.50879  
 42.800    41.47213  
 42.900    41.43551  
 43.000    41.39893  
 43.100    41.36239  
 43.200    41.32589  
 43.300    41.28942  
 43.400    41.25300  
 43.500    41.21661  
 43.600    41.18026  
 43.700    41.14395  
 43.800    41.10768  
 43.900    41.07144  
 44.000    41.03524  
 44.100    40.99908  
 44.200    40.96296  
 44.300    40.92687  
 44.400    40.89083  
 44.500    40.85482  
 44.600    40.81885  
 44.700    40.78291  
 44.800    40.74701  
 44.900    40.71115  
 45.000    40.67533  
 45.100    40.63954  
 45.200    40.60379  
 45.300    40.56808  
 45.400    40.53240  
 45.500    40.49676  
 45.600    40.46116  
 45.700    40.42559  
 45.800    40.39006  
 45.900    40.35457  
 46.000    40.31911  
 46.100    40.28369  
 46.200    40.24830  
 46.300    40.21295  
 46.400    40.17764  
 46.500    40.14236  
 46.600    40.10712  
 46.700    40.07192  
 46.800    40.03675  
 46.900    40.00161  
 47.000    39.96651  
 47.100    39.93145  
 47.200    39.89642  
 47.300    39.86143  
 47.400    39.82647  
 47.500    39.79155  
 47.600    39.75666  
 47.700    39.72181  
 47.800    39.68699  
 47.900    39.65221  
 48.000    39.61746  
 48.100    39.58275  
 48.200    39.54807  
 48.300    39.51343  
 48.400    39.47882  
 48.500    39.44425  
 48.600    39.40971  
 48.700    39.37520  
 48.800    39.34073  
 48.900    39.30629  
 49.000    39.27189  
 49.100    39.23752  
 49.200    39.20319  
 49.300    39.16889  
 49.400    39.13462  
 49.500    39.10039  
 49.600    39.06619  
 49.700    39.03202  
 49.800    38.99789  
 49.900    38.96379  
 50.000    38.92972  
 50.100    38.89569  
 50.200    38.86169  
 50.300    38.82772  
 50.400    38.79378  
 50.500    38.75988  
 50.600    38.72601  
 50.700    38.69218  
 50.800    38.65838  
 50.900    38.62461  
 51.000    38.59087  
 51.100    38.55717  
 51.200    38.52350  
 51.300    38.48986  
 51.400    38.45625  
 51.500    38.42268  
 51.600    38.38914  
 51.700    38.35563  
 51.800    38.32215  
 51.900    38.28871  
 52.000    38.25529  
 52.100    38.22191  
 52.200    38.18857  
 52.300    38.15525  
 52.400    38.12196  
 52.500    38.08871  
 52.600    38.05549  
 52.700    38.02230  
 52.800    37.98914  
 52.900    37.95601  
 53.000    37.92292  
 53.100    37.88985  
 53.200    37.85682  
 53.300    37.82382  
 53.400    37.79085  
 53.500    37.75791  
 53.600    37.72500  
 53.700    37.69212  
 53.800    37.65927  
 53.900    37.62646  
 54.000    37.59367  
 54.100    37.56092  
 54.200    37.52819  
 54.300    37.49550  
 54.400    37.46284  
 54.500    37.43020  
 54.600    37.39760  
 54.700    37.36503  
 54.800    37.33249  
 54.900    37.29997  
 55.000    37.26749  
 55.100    37.23504  
 55.200    37.20262  
 55.300    37.17023  
 55.400    37.13787  
 55.500    37.10554  
 55.600    37.07323  
 55.700    37.04096  
 55.800    37.00872  
 55.900    36.97650  
 56.000    36.94432  
 56.100    36.91217  
 56.200    36.88004  
 56.300    36.84795  
 56.400    36.81588  
 56.500    36.78384  
 56.600    36.75184  
 56.700    36.71986  
 56.800    36.68791  
 56.900    36.65599  
 57.000    36.62409  
 57.100    36.59223  
 57.200    36.56040  
 57.300    36.52859  
 57.400    36.49681  
 57.500    36.46507  
 57.600    36.43335  
 57.700    36.40166  
 57.800    36.36999  
 57.900    36.33836  
 58.000    36.30675  
 58.100    36.27518  
 58.200    36.24363  
 58.300    36.21211  
 58.400    36.18061  
 58.500    36.14915  
 58.600    36.11771  
 58.700    36.08630  
 58.800    36.05492  
 58.900    36.02357  
 59.000    35.99224  
 59.100    35.96095  
 59.200    35.92968  
 59.300    35.89843  
 59.400    35.86722  
 59.500    35.83603  
 59.600    35.80487  
 59.700    35.77374  
 59.800    35.74263  
 59.900    35.71156  
 60.000    35.68051  
 60.100    35.64948  
 60.200    35.61849  
 60.300    35.58752  
 60.400    35.55658  
 60.500    35.52566  
 60.600    35.49477  
 60.700    35.46391  
 60.800    35.43308  
 60.900    35.40227  
 61.000    35.37149  
 61.100    35.34073  
 61.200    35.31001  
 61.300    35.27930  
 61.400    35.24863  
 61.500    35.21798  
 61.600    35.18736  
 61.700    35.15676  
 61.800    35.12619  
 61.900    35.09565  
 62.000    35.06513  
 62.100    35.03464  
 62.200    35.00418  
 62.300    34.97374  
 62.400    34.94333  
 62.500    34.91294  
 62.600    34.88258  
 62.700    34.85225  
 62.800    34.82194  
 62.900    34.79165  
 63.000    34.76140  
 63.100    34.73117  
 63.200    34.70096  
 63.300    34.67078  
 63.400    34.64062  
 63.500    34.61049  
 63.600    34.58039  
 63.700    34.55031  
 63.800    34.52025  
 63.900    34.49023  
 64.000    34.46022  
 64.100    34.43024  
 64.200    34.40029  
 64.300    34.37036  
 64.400    34.34046  
 64.500    34.31058  
 64.600    34.28073  
 64.700    34.25090  
 64.800    34.22110  
 64.900    34.19132  
 65.000    34.16156  
 65.100    34.13184  
 65.200    34.10213  
 65.300    34.07245  
 65.400    34.04280  
 65.500    34.01316  
 65.600    33.98356  
 65.700    33.95398  
 65.800    33.92442  
 65.900    33.89488  
 66.000    33.86537  
 66.100    33.83589  
 66.200    33.80643  
 66.300    33.77699  
 66.400    33.74758  
 66.500    33.71819  
 66.600    33.68883  
 66.700    33.65949  
 66.800    33.63017  
 66.900    33.60088  
 67.000    33.57161  
 67.100    33.54236  
 67.200    33.51314  
 67.300    33.48394  
 67.400    33.45477  
 67.500    33.42562  
 67.600    33.39649  
 67.700    33.36739  
 67.800    33.33831  
 67.900    33.30925  
 68.000    33.28022  
 68.100    33.25121  
 68.200    33.22222  
 68.300    33.19326  
 68.400    33.16432  
 68.500    33.13540  
 68.600    33.10650  
 68.700    33.07763  
 68.800    33.04879  
 68.900    33.01996  
 69.000    32.99116  
 69.100    32.96238  
 69.200    32.93362  
 69.300    32.90489  
 69.400    32.87618  
 69.500    32.84749  
 69.600    32.81883  
 69.700    32.79018  
 69.800    32.76156  
 69.900    32.73296  
 70.000    32.70439  
 70.100    32.67584  
 70.200    32.64731  
 70.300    32.61880  
 70.400    32.59031  
 70.500    32.56185  
 70.600    32.53341  
 70.700    32.50499  
 70.800    32.47660  
 70.900    32.44822  
 71.000    32.41987  
 71.100    32.39154  
 71.200    32.36323  
 71.300    32.33495  
 71.400    32.30668  
 71.500    32.27844  
 71.600    32.25022  
 71.700    32.22202  
 71.800    32.19385  
 71.900    32.16569  
 72.000    32.13756  
 72.100    32.10945  
 72.200    32.08136  
 72.300    32.05329  
 72.400    32.02525  
 72.500    31.99722  
 72.600    31.96922  
 72.700    31.94124  
 72.800    31.91328  
 72.900    31.88534  
 73.000    31.85742  
 73.100    31.82952  
 73.200    31.80165  
 73.300    31.77379  
 73.400    31.74596  
 73.500    31.71815  
 73.600    31.69036  
 73.700    31.66259  
 73.800    31.63484  
 73.900    31.60712  
 74.000    31.57941  
 74.100    31.55172  
 74.200    31.52406  
 74.300    31.49642  
 74.400    31.46879  
 74.500    31.44119  
 74.600    31.41361  
 74.700    31.38605  
 74.800    31.35851  
 74.900    31.33099  
 75.000    31.30349  
 75.100    31.27602  
 75.200    31.24856  
 75.300    31.22112  
 75.400    31.19370  
 75.500    31.16631  
 75.600    31.13893  
 75.700    31.11158  
 75.800    31.08424  
 75.900    31.05693  
 76.000    31.02963  
 76.100    31.00236  
 76.200    30.97510  
 76.300    30.94787  
 76.400    30.92066  
 76.500    30.89346  
 76.600    30.86629  
 76.700    30.83914  
 76.800    30.81200  
 76.900    30.78489  
 77.000    30.75780  
 77.100    30.73072  
 77.200    30.70367  
 77.300    30.67663  
 77.400    30.64962  
 77.500    30.62262  
 77.600    30.59565  
 77.700    30.56869  
 77.800    30.54176  
 77.900    30.51484  
 78.000    30.48795  
 78.100    30.46107  
 78.200    30.43421  
 78.300    30.40737  
 78.400    30.38055  
 78.500    30.35375  
 78.600    30.32697  
 78.700    30.30021  
 78.800    30.27347  
 78.900    30.24675  
 79.000    30.22005  
 79.100    30.19336  
 79.200    30.16670  
 79.300    30.14005  
 79.400    30.11343  
 79.500    30.08682  
 79.600    30.06023  
 79.700    30.03367  
 79.800    30.00712  
 79.900    29.98058  
 80.000    29.95407  
 80.100    29.92758  
 80.200    29.90110  
 80.300    29.87465  
 80.400    29.84821  
 80.500    29.82179  
 80.600    29.79540  
 80.700    29.76901  
 80.800    29.74265  
 80.900    29.71631  
 81.000    29.68999  
 81.100    29.66368  
 81.200    29.63739  
 81.300    29.61112  
 81.400    29.58487  
 81.500    29.55864  
 81.600    29.53243  
 81.700    29.50623  
 81.800    29.48005  
 81.900    29.45390  
 82.000    29.42776  
 82.100    29.40163  
 82.200    29.37553  
 82.300    29.34944  
 82.400    29.32338  
 82.500    29.29733  
 82.600    29.27130  
 82.700    29.24528  
 82.800    29.21929  
 82.900    29.19331  
 83.000    29.16735  
 83.100    29.14141  
 83.200    29.11549  
 83.300    29.08958  
 83.400    29.06370  
 83.500    29.03783  
 83.600    29.01198  
 83.700    28.98614  
 83.800    28.96033  
 83.900    28.93453  
 84.000    28.90875  
 84.100    28.88299  
 84.200    28.85724  
 84.300    28.83151  
 84.400    28.80580  
 84.500    28.78011  
 84.600    28.75444  
 84.700    28.72878  
 84.800    28.70314  
 84.900    28.67752  
 85.000    28.65191  
 85.100    28.62633  
 85.200    28.60076  
 85.300    28.57520  
 85.400    28.54967  
 85.500    28.52415  
 85.600    28.49865  
 85.700    28.47317  
 85.800    28.44770  
 85.900    28.42225  
 86.000    28.39682  
 86.100    28.37140  
 86.200    28.34601  
 86.300    28.32062  
 86.400    28.29526  
 86.500    28.26991  
 86.600    28.24458  
 86.700    28.21927  
 86.800    28.19398  
 86.900    28.16870  
 87.000    28.14344  
 87.100    28.11819  
 87.200    28.09296  
 87.300    28.06775  
 87.400    28.04256  
 87.500    28.01738  
 87.600    27.99222  
 87.700    27.96707  
 87.800    27.94194  
 87.900    27.91683  
 88.000    27.89174  
 88.100    27.86666  
 88.200    27.84160  
 88.300    27.81656  
 88.400    27.79153  
 88.500    27.76652  
 88.600    27.74152  
 88.700    27.71654  
 88.800    27.69158  
 88.900    27.66663  
 89.000    27.64170  
 89.100    27.61679  
 89.200    27.59189  
 89.300    27.56701  
 89.400    27.54215  
 89.500    27.51730  
 89.600    27.49247  
 89.700    27.46765  
 89.800    27.44285  
 89.900    27.41807  
 90.000    27.39330  
 90.100    27.36855  
 90.200    27.34381  
 90.300    27.31910  
 90.400    27.29439  
 90.500    27.26971  
 90.600    27.24503  
 90.700    27.22038  
 90.800    27.19574  
 90.900    27.17112  
 91.000    27.14651  
 91.100    27.12192  
 91.200    27.09734  
 91.300    27.07278  
 91.400    27.04824  
 91.500    27.02371  
 91.600    26.99920  
 91.700    26.97470  
 91.800    26.95022  
 91.900    26.92575  
 92.000    26.90130  
 92.100    26.87687  
 92.200    26.85245  
 92.300    26.82804  
 92.400    26.80366  
 92.500    26.77928  
 92.600    26.75493  
 92.700    26.73059  
 92.800    26.70626  
 92.900    26.68195  
 93.000    26.65766  
 93.100    26.63338  
 93.200    26.60911  
 93.300    26.58486  
 93.400    26.56063  
 93.500    26.53641  
 93.600    26.51221  
 93.700    26.48802  
 93.800    26.46385  
 93.900    26.43969  
 94.000    26.41555  
 94.100    26.39142  
 94.200    26.36731  
 94.300    26.34321  
 94.400    26.31913  
 94.500    26.29506  
 94.600    26.27101  
 94.700    26.24697  
 94.800    26.22295  
 94.900    26.19894  
 95.000    26.17495  
 95.100    26.15098  
 95.200    26.12702  
 95.300    26.10307  
 95.400    26.07914  
 95.500    26.05522  
 95.600    26.03132  
 95.700    26.00743  
 95.800    25.98356  
 95.900    25.95970  
 96.000    25.93585  
 96.100    25.91202  
 96.200    25.88820  
 96.300    25.86440  
 96.400    25.84061  
 96.500    25.81684  
 96.600    25.79308  
 96.700    25.76934  
 96.800    25.74562  
 96.900    25.72191  
 97.000    25.69822  
 97.100    25.67455  
 97.200    25.65090  
 97.300    25.62726  
 97.400    25.60363  
 97.500    25.58001  
 97.600    25.55641  
 97.700    25.53281  
 97.800    25.50922  
 97.900    25.48563  
 98.000    25.46204  
 98.100    25.43846  
 98.200    25.41489  
 98.300    25.39132  
 98.400    25.36778  
 98.500    25.34427  
 98.600    25.32078  
 98.700    25.29734  
 98.800    25.27394  
 98.900    25.25059  
 99.000    25.22729  
 99.100    25.20406  
 99.200    25.18087  
 99.300    25.15769  
 99.400    25.13450  
 99.500    25.11129  
 99.600    25.08802  
 99.700    25.06468  
 99.800    25.04123  
 99.900    25.01767  
100.000    24.99395  
100.000    24.99395  
